U1: 0.05261643
U2: -0.035197645
U3: 5.475503e-13
Umagnitude: 0.0633037344905
dU1/dt1: -0.10066963
dU2/dt1: 0.060983974
dU3/dt1: -4.427041e-12
dUnorm/dt1: -0.1175818261159671
Mass: 6.74440570947e-06
dMass/dt1: 1.68610149558e-05
